x:íÜêS
classId: 1 0.0653263 -0.0282212 0.472323
classId: 2 0.0897274 -0.0276297 0.472282
classId: 1 0.0653189 -0.0282188 0.472269
classId: 2 0.0897328 -0.0277464 0.472298
classId: 1 0.0653584 -0.028282 0.472432
classId: 2 0.0898913 -0.0279063 0.47235
classId: 1 0.0652777 -0.0281315 0.47238
classId: 2 0.0903235 -0.0279411 0.472474
classId: 1 0.0654333 -0.0283556 0.472258
classId: 2 0.0901657 -0.0278511 0.472397
classId: 1 0.0656008 -0.0283863 0.472297
classId: 2 0.0898764 -0.0277859 0.472286
classId: 1 0.0656398 -0.0283906 0.472341
classId: 2 0.0901014 -0.0278058 0.472063
classId: 1 0.0655405 -0.0282265 0.472348
classId: 2 0.0897594 -0.0276799 0.472298
classId: 1 0.0655133 -0.0282437 0.472239
classId: 2 0.0898714 -0.0278109 0.472262
classId: 1 0.0652611 -0.0281057 0.472194
classId: 2 0.0903583 -0.0279674 0.472187
classId: 1 0.0653128 -0.0282418 0.472352
classId: 2 0.0900676 -0.0279071 0.472358
classId: 1 0.0655055 -0.0283156 0.472351
classId: 2 0.0901005 -0.0278872 0.472051
classId: 1 0.0651473 -0.0283261 0.472478
classId: 2 0.0898868 -0.0276051 0.472244